"id"	"time"	"newid"
107	24	1
107	30	1
107	48	1
107	52	1
289	24	2
289	48	2
1070_	24	3
1070_	30	3
1070_	48	3
1077_	24	4
1077_	30	4
1077_	48	4
1091_	24	5
1091_	30	5
1091_	48	5
1071_	24	6
1071_	30	6
1071_	48	6
1078_	24	7
1078_	30	7
1078_	48	7
1092_	24	8
1092_	48	8
1092_	30	8
1374_	24	9
1379_	24	10
1383_	24	11
1374_	30	9
1374_	48	9
1379_	30	10
1379_	48	10
1383_	30	11
1383_	48	11
1442_	24	12
1442_	30	12
1442_	48	12
1443_	24	13
1443_	30	13
1443_	48	13
1444_	24	14
1444_	30	14
1444_	48	14
152	24	15
152	48	15
152	52	15
202	24	16
202	48	16
203	24	17
203	48	17
284	24	18
284	48	18
287	24	19
287	48	19
395	24	20
395	48	20
396	24	21
396	48	21
397	24	22
397	48	22
398	24	23
398	48	23
394	24	24
394	48	24
525	24	25
525	48	25
526	24	26
526	48	26
527	24	27
527	48	27
528	24	28
528	48	28